319.808
458.112
552.512
625.723
642.817
771.642
806.772
808.373
872.889
924.923
972.093
996.583
1077.99
1094.78
1098.19
1127.43
1193.95
1206.23
1245.03
1277.33
1310.36
1361.19
1398.99
1400.83
1408.52
1435.97
1465.19
1470.93
1552.2
1579.97
1586.28
1612.43
1659.62
1659.62
1675.19
1692.26
1740.16
1745.83
1777.14
1785.44
1819.23
1835.36
1890.46
1911.22
1915.18
1928.01
1975.01
1980.78
2002.24
2020.56
2047.19
2069.2
2086.15
2104.39
2109.31
2117.65
2146.15
2187.88
2197.54
2259.16
2282.17
2287.1
2307.71
2308.18
2315.63
2330.89
2358.03
2368.51
2391.48
2420.72
2428.23
2442.79
2446.74
2487.13
2515.17
2525.54
2567.29
2576.62
2612.84
2613.27
2648.96
2652.72
2657.85
2660.72
2674.09
2676.48
2707.39
2750.39
2758.65
2766.95
2797.11
2803.73
2805.22
2854.45
2866.23
2871.58
2885.36
2885.55
2936.7
2949.12
2967.91
2995.66
3008.18
3016.09
3018.68
3033.38
3037.45
3057.79
3091.76
3099.2
3135.1
3136.17
3145.06
3151.76
3158.17
3176.65
3187.56
3208.73
3218
3244.82
3248.86
3275.53
3311.4
3318.64
3335.04
3348.72
3362.95
3378.71
3389.49
3396.51
3407.38
3432.27
3436.64
3463.99
3471.59
3475.35
3482.03
3489.87
3490
3502.33
3520.21
3537.74
3547.03
3562.34
3574.68
3597.78
3615.8
3625.39
3649.54
3654.23
3673.88
3679.77
3715.95
3716.63
3723.55
3735.03
3750.97
3752.95
3768.4
3771.24
3778.98
3782.49
3795.68
3817.4
3824.08
3828.12
3833.36
3845.88
3853.29
3856.2
3870.45
3889.19
3891.75
3901.48
3918.19
3927.77
3930.43
3938.4
3971.87
3980.32
4000.82
4003.65
4004.26
4005.25
4009.96
4015.68
4017.87
4026.01
4027.9
4039.96
4053.92
4061.42
4069.64
4073.74
4084.99
4086.97
4105.72
4108.61
4121.33
4125.69
4146.67
4156.76
4166.16
4168.43
4190.73
4193.1
4193.51
4194.44
4194.85
4195.97
4197.74
4198.1
4200.8
4201.73
4204.03
4205.32
4206.72
4207.76
4211.96
4212.62
4213.3
4216.56
4219.26
4221.52
4226.41
4226.78
4232.28
4233.8
4235.9
4237.96
4241.08
4243.76
4247.86
4249.59
4253.72
4255.41
4258.25
4261.13
4266.69
4272.02
4277.07
4280.09
4281.76
4286.04
4289.87
4293.19
4295.97
4298.16
4299.75
4300.71
4301.13
4301.37
4321.12
4329.1
4339.81
4347.65
4356.94
4361.55
4372.3
4385.66
4391.96
4396.83
4396.86
4405.74
4408.83
4412.17
4416.07
4433.12
4433.68
4468.71
4472.19
4481.22
4485.94
4502.14
4506.92
4532.21
4537.33
4557.96
4559.27
4560.99
4562.93
4578.65
4583.31
4593.77
4598.12
4598.42
4602.98
4607.11
4627.62
4644.2
4689.83
4711.27
4724.05
4727.05
4744.76
4791.34
4806.03
4817.8
4828.64
4855.88
4857.13
4872.46
4878.07
4883.42
4915.9
4940.53
4991.27
4991.82
5003.49
5028.68
5036.11
5051.57
5068.68
5078.51
5122.39
5139.08
5178.81
5183.6
5210.83
5243.43
5259.51
5274.88
5308
5349.97
5420.08
5437.68
5447.96
5470.94
5503
5511.57
5525.34
5543.28
5579.4
5621.14
5625.88
5651.45
5777.61
5783.07
5785.27
5810.51
5918.55
5942.16
6019.07
6020.69
6025
6040.86
6081.63
6102.08
6103.94
6242.16
6242.81
6416.89
6419.91
6424.93
6431.94
6563.85
6576.76
6650.86
6667.86
6703.8
6715
6811.5
6950
6971.46
7140.22
7171.29
7178.79
7188.62
7260.8
7298.61
7500.86
7523.73
7643.31
7754.41
7789.99
7917.38
7962.12
8051.21
8065.68
8378.91
8408.27
8562.72
8592.8
8633.29
8970.16
8986.1
9240.3
9268.65
9468.22
9792.38
9805.31
10169.7
1e+06
1e+06
1e+06
1e+06
1e+06
1e+06
1e+06
1e+06
1e+06
1e+06
1e+06
1e+06
1e+06
1e+06
1e+06
1e+06
1e+06
1e+06
1e+06
1e+06
1e+06
1e+06
1e+06
1e+06
1e+06
1e+06
1e+06
1e+06
1e+06
1e+06
1e+06
1e+06
1e+06
1e+06
1e+06
1e+06
1e+06
1e+06
1e+06
1e+06
1e+06
1e+06
1e+06
1e+06
1e+06
1e+06
1e+06
1e+06
1e+06
1e+06
1e+06
1e+06
1e+06
1e+06
1e+06
1e+06
1e+06
1e+06
1e+06
1e+06
1e+06
1e+06
1e+06
1e+06
1e+06
1e+06
1e+06
1e+06
1e+06
1e+06
1e+06
1e+06
1e+06
1e+06
1e+06
1e+06
1e+06
1e+06
1e+06
1e+06
1e+06
1e+06
1e+06
1e+06
1e+06
1e+06
1e+06
1e+06
