7.02434
8.88557
11.3273
12.952
14.0494
14.0502
15.7089
16.9191
17.7739
19.1074
19.8684
19.8709
20.12
21.0758
22.6584
22.6601
22.8736
24.5438
25.3245
25.3359
25.9043
25.9097
26.6678
26.8428
28.1042
28.1088
28.9686
28.9781
29.6474
30.9529
31.4308
31.4338
31.5659
32.0337
32.0439
32.7987
33.4161
33.8407
33.85
34.0033
35.1313
35.1351
35.5696
36.6552
36.6628
36.7879
37.8185
37.8626
38.2107
38.2279
38.3741
38.8557
39.394
39.7411
39.7573
40.2666
40.2713
40.8513
41.3315
42.1686
42.1831
42.3094
42.7518
42.7761
43.6744
44.076
44.4139
44.4407
44.4817
44.9714
45.0192
45.3497
45.3612
45.7405
45.7664
46.7108
46.7655
47.1768
47.5543
47.87
47.894
48.0135
48.7971
49.1385
49.1452
49.2049
50.3346
50.6316
50.6713
50.7016
50.7225
50.8008
51.1228
51.2194
51.6077
51.8026
51.8412
52.3462
52.6638
53.4057
53.4794
53.6976
53.7343
53.791
54.1253
54.1414
54.8944
54.8962
55.6848
56.026
56.2437
56.2771
56.5916
56.6901
56.7369
56.8568
56.9128
57.296
57.7349
57.9053
57.9602
58.0364
58.0457
58.6795
59.1097
59.3572
59.3858
59.6121
59.6648
60.036
60.1454
60.4788
60.6958
61.0316
61.1003
61.9227
61.9721
62.0812
62.3429
62.6555
62.8443
62.954
62.9757
63.084
63.1602
63.2845
63.4816
64.034
64.109
64.6199
64.7374
64.7726
64.8171
64.8602
64.9088
65.5287
65.5868
65.6596
66.2849
66.3786
66.5768
66.9558
66.9681
67.1913
67.5883
67.7011
67.7704
68.0941
68.1316
68.6751
68.9531
69.0868
69.0899
69.3089
69.3802
69.4096
69.6723
69.9109
70.1779
70.2774
70.3261
70.3904
70.6997
70.7785
70.8227
71.294
71.603
71.7002
71.8131
71.8214
71.8495
72.5143
72.5339
73.2196
73.3664
73.4071
73.4644
73.5517
73.5705
73.6453
73.8181
74.3701
74.7101
74.7331
75.1013
75.3256
75.5273
75.6572
75.8622
75.8942
75.9099
75.9839
76.0723
76.1848
76.3288
76.4574
76.605
76.8889
76.9244
76.9366
77.3673
77.6462
77.7725
78.0431
78.3063
78.4908
78.7635
78.7791
78.8545
78.9358
78.9456
79.454
79.5443
79.5495
79.5766
80.2588
80.4398
80.5318
80.7189
80.7542
80.817
81.5477
81.7138
81.7196
81.7349
81.8368
81.899
82.0458
82.1173
82.189
82.4792
82.5357
82.5583
82.642
82.7493
83.0125
83.0331
83.249
83.7051
83.8654
83.8815
84.4057
84.4924
84.5157
84.7435
84.849
84.8666
84.8686
85.0164
85.3917
85.5482
85.7268
85.734
85.7861
85.8944
86.3996
86.9165
87.0129
87.2527
87.3386
87.4734
87.5124
87.5738
87.6481
87.6635
87.7524
87.9271
88.1307
88.2175
88.3613
88.5449
88.6225
88.7259
88.8247
89.138
89.1405
89.2359
89.6401
89.6835
89.7695
89.9691
90.0361
90.1799
90.3071
90.5072
90.5947
90.8833
90.9711
91.2412
91.351
91.4389
91.5135
91.5468
91.6981
91.9133
92.157
92.298
92.7046
92.9298
93.0223
93.0371
93.0638
93.3449
93.5352
93.6119
93.8175
93.8414
93.9348
94.0988
94.3473
94.3714
94.4885
94.5046
94.5525
94.5973
94.6692
94.7518
94.9989
95.2386
95.7251
95.8303
95.841
95.908
95.9939
96.0748
96.1591
96.2154
96.2805
96.4833
96.5248
96.5569
97.0512
97.2167
97.32
97.4482
97.5605
97.8891
98.0806
98.2133
98.2231
98.4631
98.5793
98.6317
98.6361
98.7904
98.974
99.1255
99.2022
99.4372
99.6904
99.796
99.957
100.089
100.244
100.284
100.501
100.501
100.543
100.57
100.66
100.86
101.087
101.158
101.319
101.447
101.455
101.529
101.559
101.682
101.69
101.878
102.173
102.395
102.404
102.535
102.712
102.796
102.825
103.176
103.287
103.491
103.577
103.578
103.631
104.053
104.133
104.229
104.271
104.425
104.582
104.893
104.983
105.038
105.07
105.189
105.217
105.356
105.474
105.483
106.097
106.1
106.209
106.356
106.585
106.599
106.678
106.711
106.939
106.971
107.106
107.176
107.209
107.217
107.293
107.375
107.487
107.53
107.593
107.695
107.904
108.256
108.318
108.405
108.526
108.527
108.542
108.651
109.242
109.494
109.589
109.63
109.682
109.782
109.943
109.95
110.031
110.045
110.183
110.35
110.372
110.396
110.435
110.937
111.037
111.229
111.279
111.288
111.779
111.813
111.89
111.913
112.287
112.4
112.426
112.466
112.501
112.588
112.657
112.722
112.801
112.844
112.973
112.98
113.067
113.308
113.395
113.397
113.661
113.83
113.899
113.967
113.974
114.114
114.169
114.237
114.312
114.418
114.492
115
115.172
115.333
115.492
115.51
115.538
115.582
115.657
115.777
115.894
115.938
116.211
116.219
116.434
116.453
116.487
116.559
116.627
116.788
117.174
117.192
117.328
117.38
117.525
117.72
117.995
118.307
118.313
118.445
118.487
118.501
118.516
118.567
118.602
118.666
118.733
118.873
118.931
118.974
118.981
119.093
119.129
119.321
119.369
119.433
119.459
119.823
119.85
120.074
120.141
120.332
120.416
120.632
120.761
120.8
120.938
120.989
121.066
121.109
121.235
121.314
121.376
121.431
121.544
121.749
121.798
121.955
122.036
122.229
122.447
122.47
122.509
122.611
122.644
122.961
123.083
123.146
123.324
123.354
123.503
123.54
123.907
123.915
123.977
124.141
124.235
124.277
124.317
124.404
124.418
124.473
124.51
124.615
124.91
124.92
124.938
124.963
125.199
125.232
125.288
125.439
125.467
125.517
125.523
125.748
125.833
126.016
126.238
126.29
126.303
126.366
126.406
126.636
126.722
126.725
126.912
127.091
127.098
127.463
127.472
127.566
127.582
127.613
127.826
127.832
127.835
127.876
127.927
127.954
128.208
128.392
128.448
128.926
128.938
129.085
129.248
129.266
129.384
129.447
129.477
129.528
129.732
129.777
129.787
129.942
130.167
130.178
130.222
130.289
130.357
130.402
130.411
130.452
130.491
130.717
130.774
130.926
131.077
131.136
131.181
131.238
131.41
131.463
131.578
131.802
131.847
131.935
132.097
132.112
132.211
132.23
132.256
132.28
132.331
132.481
132.694
132.763
132.785
132.809
133.079
133.141
133.256
133.325
133.368
133.4
133.591
133.878
134.016
134.116
134.171
134.352
134.378
134.473
134.502
134.612
134.741
134.77
134.938
134.982
135.089
135.129
135.137
135.179
135.281
135.619
135.715
135.833
135.889
135.97
136.087
136.229
136.281
136.293
136.342
136.438
136.451
136.513
136.552
136.582
136.798
136.807
136.859
136.901
137.081
137.229
137.271
137.325
137.618
137.732
137.77
137.825
137.833
137.878
137.919
137.97
138.042
138.133
138.356
138.399
138.442
138.631
138.682
138.733
138.935
139.047
139.112
139.113
139.157
139.266
139.296
139.651
139.711
139.767
140.018
140.092
140.102
140.167
140.274
140.475
140.476
140.559
140.576
140.699
140.884
140.923
141
141.054
141.184
141.25
141.334
141.383
141.42
141.61
141.669
141.692
141.74
141.781
141.948
141.968
141.973
142.122
142.229
142.351
142.565
142.588
142.627
142.789
142.973
143.035
143.115
143.163
143.184
143.21
143.27
143.289
143.311
143.348
143.398
143.455
143.467
143.644
143.777
143.918
143.981
144.008
144.041
144.134
144.329
144.411
144.632
144.809
144.809
144.928
144.989
145.314
145.327
145.373
145.393
145.428
145.436
145.538
145.762
145.875
145.927
145.934
145.957
146.09
146.123
146.22
146.287
146.486
146.59
146.603
146.728
146.813
146.859
146.861
146.919
146.922
147.246
147.355
147.535
147.597
147.616
147.655
147.711
147.787
147.82
147.846
147.971
147.978
148.11
148.143
148.21
148.251
148.383
148.505
148.635
148.645
148.683
148.77
148.783
148.907
148.925
148.955
148.969
149.057
149.286
149.398
149.503
149.509
149.564
149.794
149.81
149.957
149.958
149.98
150.05
150.106
150.381
150.394
150.469
150.54
150.652
150.72
150.776
150.899
151.032
151.302
151.34
151.456
151.514
151.532
151.555
151.581
151.663
151.67
151.794
152.016
152.049
152.073
152.096
152.159
152.159
152.28
152.29
152.317
152.683
152.707
152.788
152.918
152.949
152.962
153.137
153.185
153.197
153.205
153.253
153.259
153.517
153.547
153.649
153.775
153.898
153.954
154.012
154.015
154.116
154.175
154.191
154.26
154.297
154.347
154.361
154.385
154.526
154.619
154.677
154.727
154.863
154.883
154.97
154.989
155.073
155.11
155.368
155.446
155.453
155.543
155.845
155.848
155.894
156.094
156.164
156.461
156.477
156.495
156.525
156.588
156.648
156.669
156.731
156.779
156.782
156.807
156.887
156.971
157.026
157.072
157.225
157.249
157.277
157.474
157.567
157.584
157.657
157.793
157.957
157.983
158.058
158.226
158.27
158.424
158.448
158.461
158.513
158.533
158.557
158.648
158.654
158.763
158.806
158.86
158.978
159.132
159.136
159.201
159.297
159.325
159.334
159.373
159.439
159.539
159.566
159.661
159.676
159.72
159.809
159.937
160.065
160.134
160.207
160.222
160.287
160.291
160.373
160.507
160.629
160.856
160.958
160.968
161.103
161.138
161.181
161.257
161.309
161.436
161.458
161.647
161.662
161.705
161.747
161.791
161.898
161.944
161.947
162.143
162.251
162.264
162.294
162.326
162.355
162.388
162.653
162.7
162.802
162.888
163.019
163.043
163.082
163.1
163.141
163.237
163.304
163.398
163.411
163.462
163.513
163.523
163.532
163.68
163.718
163.764
163.824
163.931
164.081
164.163
164.181
164.308
164.353
164.387
164.466
164.492
164.601
164.698
164.714
164.831
164.857
164.882
164.887
165.081
165.085
165.117
165.188
165.253
165.319
165.323
165.346
165.445
165.516
165.518
165.631
165.728
165.958
166.107
166.239
166.248
166.303
166.309
166.396
166.459
166.519
166.601
166.814
166.885
166.908
167
167.015
167.015
167.198
167.254
167.356
167.358
167.388
167.399
167.425
167.505
167.578
167.594
167.637
167.836
167.917
167.958
168.001
168.011
168.051
168.081
168.131
168.169
168.222
168.39
168.426
168.458
168.601
168.673
168.724
168.793
168.837
168.847
168.876
169.019
169.263
169.273
169.383
169.426
169.495
169.508
169.613
169.613
169.641
169.694
169.705
169.842
169.843
169.858
169.869
169.895
169.921
169.963
169.996
170.082
170.178
170.269
170.378
170.423
170.424
170.463
170.769
170.821
171.014
171.139
171.143
171.21
171.231
171.284
171.322
171.438
171.65
171.663
171.741
171.813
171.815
171.844
171.948
171.969
172.022
172.08
172.108
172.113
172.154
172.26
172.28
172.322
172.325
172.37
172.548
172.64
172.64
172.692
172.704
172.793
172.836
172.901
172.926
172.979
173.007
173.135
173.224
173.282
173.388
173.502
173.554
173.577
173.612
173.617
173.701
173.949
173.957
173.971
174.012
174.027
174.157
174.263
174.337
174.346
174.355
174.389
174.393
174.457
174.466
174.601
174.643
174.666
174.674
174.714
174.743
174.745
174.835
174.946
174.98
175.028
175.194
175.312
175.398
175.52
175.552
175.768
175.795
175.933
175.934
176.03
176.095
176.1
176.147
176.181
176.222
176.225
176.247
176.405
176.583
176.619
176.637
176.665
176.711
176.743
176.755
176.776
176.868
176.878
176.907
176.997
176.998
177.086
177.128
177.145
177.183
177.273
177.346
177.353
177.493
177.594
177.611
177.619
177.643
177.692
177.794
177.944
178.015
178.019
178.171
178.192
178.261
178.276
178.311
178.327
178.399
178.409
178.463
178.472
178.618
178.755
178.768
178.884
178.94
178.961
179.014
179.084
179.087
179.114
179.175
179.262
179.267
179.271
179.293
179.334
179.346
179.436
179.474
179.655
179.728
179.822
179.969
180.025
180.037
180.168
180.17
180.381
180.411
180.431
180.433
180.498
180.602
180.615
180.637
180.699
180.699
180.802
180.849
180.962
180.98
181.048
181.1
181.102
181.126
181.192
181.209
181.215
181.222
181.232
181.258
181.394
181.405
181.431
181.48
181.653
181.76
181.776
181.796
181.821
181.895
181.95
181.968
182.107
182.136
182.186
182.243
182.34
182.344
182.452
182.497
182.515
182.523
182.597
182.607
182.673
182.701
182.768
182.861
182.906
182.925
183.053
183.106
183.196
183.252
183.28
183.425
183.435
183.44
183.446
183.47
183.557
183.623
183.642
183.651
183.735
183.791
183.794
183.99
184.03
184.056
184.23
184.234
184.306
184.306
184.385
184.445
184.453
184.537
184.608
184.644
184.677
184.724
184.761
184.785
184.786
184.901
185.023
185.033
185.048
185.062
185.096
185.146
185.187
185.237
185.256
185.347
185.352
185.372
185.437
185.462
185.532
185.555
185.597
185.654
185.693
185.719
185.734
185.823
186.009
186.015
186.14
186.219
186.232
186.235
186.285
186.318
186.431
186.433
186.487
186.489
186.496
186.578
186.62
186.666
186.771
186.788
186.824
186.901
186.963
187.012
187.114
187.147
187.178
187.25
187.292
187.36
187.425
187.435
187.439
187.596
187.599
187.683
187.688
187.845
187.914
187.942
187.947
187.952
187.955
188.002
188.015
188.029
188.045
188.097
188.144
188.148
188.233
188.329
188.36
188.369
188.378
188.423
188.543
188.631
188.667
188.725
188.823
188.861
188.901
188.909
188.948
188.965
188.99
189.016
189.054
189.137
189.207
189.298
189.313
189.316
189.36
189.454
189.562
189.567
189.603
189.658
189.674
189.675
189.698
189.721
189.746
189.774
189.8
189.88
189.996
190
190.008
190.045
190.152
190.166
190.178
190.464
190.541
190.542
190.561
190.625
190.654
190.687
190.727
190.788
190.828
190.933
190.939
190.941
191.011
191.018
191.031
191.033
191.1
191.151
191.215
191.248
191.297
191.301
191.304
191.336
191.382
191.433
191.456
191.537
191.563
191.573
191.638
191.66
191.738
191.75
191.84
191.842
191.842
191.86
191.863
191.902
191.917
191.98
192.061
192.071
192.205
192.263
192.315
192.327
192.358
192.484
192.523
192.541
192.599
192.65
192.816
192.865
192.967
193.024
193.044
193.048
193.059
193.099
193.11
193.15
193.156
193.159
193.174
193.233
193.236
193.259
193.261
193.332
193.408
193.434
193.459
193.47
193.485
193.494
193.498
193.54
193.614
193.617
193.769
193.795
193.877
193.889
193.918
193.973
193.974
193.984
193.997
194.027
194.086
194.118
194.229
194.286
194.296
194.309
194.399
194.435
194.446
194.522
194.643
194.682
194.744
194.784
194.806
194.806
194.807
194.822
194.924
194.954
194.977
195.027
195.092
195.108
195.135
195.169
195.182
195.23
195.251
195.275
195.279
195.328
195.382
195.458
195.461
195.468
195.471
195.479
195.491
195.514
195.532
195.584
195.601
195.665
195.72
195.738
195.761
195.932
195.945
195.987
195.987
196.005
196.022
196.065
196.082
196.264
196.272
196.273
196.278
196.309
196.312
196.374
196.459
196.467
196.478
196.534
196.569
196.578
196.591
196.601
196.655
196.705
196.721
196.764
196.824
196.899
196.965
196.967
196.988
197.023
197.052
197.06
197.086
197.097
197.117
197.129
197.189
197.197
197.21
197.243
197.352
197.389
197.392
197.42
197.426
197.468
197.52
197.545
197.553
197.585
197.637
197.644
197.645
197.69
197.692
197.704
197.725
197.767
197.778
197.794
197.795
197.824
197.865
197.9
197.937
197.971
198.013
198.047
198.072
198.09
198.111
198.129
198.131
198.185
198.215
198.293
198.368
198.383
198.387
198.389
198.389
198.515
198.532
198.562
198.562
198.698
198.747
198.748
198.751
198.754
198.796
198.8
198.81
198.88
198.885
198.895
198.904
198.957
198.963
199.092
199.106
199.128
199.167
199.171
199.198
199.245
199.263
199.266
199.271
199.276
199.35
199.352
199.403
199.409
199.486
199.553
199.557
199.574
199.578
199.598
199.62
199.642
199.659
199.696
199.78
199.797
199.818
199.828
199.828
199.863
199.865
199.983
199.986
199.99
200.051
200.065
200.12
200.126
200.157
200.185
200.196
200.197
200.237
200.276
200.285
200.34
200.396
200.411
200.433
200.464
200.487
200.619
200.628
200.635
200.642
200.661
200.679
200.685
200.698
200.728
200.813
200.866
200.875
200.881
200.936
200.947
200.947
200.97
201.085
201.163
201.167
201.168
201.182
201.19
201.202
201.224
201.287
201.319
201.329
201.417
201.458
201.467
201.468
201.488
201.539
201.54
201.54
201.565
201.6
201.626
201.644
201.702
201.737
201.758
201.778
201.783
201.839
201.904
201.999
202.002
202.062
202.099
202.139
202.172
202.181
202.185
202.229
202.298
202.331
202.345
202.429
202.445
202.496
202.502
202.506
202.55
202.556
202.698
202.72
202.768
202.795
202.8
202.828
202.922
202.985
202.997
203.041
203.12
203.183
203.208
203.23
203.233
203.236
203.236
203.346
203.357
203.37
203.372
203.381
203.393
203.414
203.457
203.478
203.548
203.552
203.588
203.624
203.742
203.806
203.828
203.855
203.869
203.936
203.943
203.951
203.963
204.035
204.125
204.191
204.206
204.233
204.242
204.332
204.348
204.384
204.442
204.469
204.492
204.532
204.634
204.658
204.78
204.796
204.823
204.862
204.907
204.966
205.007
205.05
205.089
205.151
205.162
205.174
205.178
205.253
205.261
205.27
205.365
205.413
205.415
205.416
205.451
205.453
205.456
205.467
205.531
205.618
205.657
205.743
205.79
205.857
205.858
205.879
205.964
205.993
206.026
206.107
206.132
206.183
206.187
206.32
206.322
206.342
206.366
206.446
206.486
206.509
206.531
206.572
206.641
206.643
206.711
206.865
206.891
207.037
207.044
207.056
207.105
207.127
207.143
207.159
207.161
207.226
207.252
207.261
207.386
207.402
207.431
207.46
207.478
207.546
207.597
207.642
207.661
207.709
207.757
207.802
207.851
207.853
207.936
207.939
207.944
207.956
208.01
208.047
208.172
208.181
208.183
208.194
208.249
208.279
208.397
208.568
208.745
208.8
208.854
208.873
209.065
209.075
209.1
209.101
209.136
209.137
209.158
209.17
209.206
209.219
209.252
209.255
209.283
209.302
209.332
209.335
209.387
209.389
209.401
209.421
209.429
209.432
209.496
209.587
209.631
209.67
209.871
209.93
210.123
210.15
210.182
210.207
210.364
210.383
210.41
210.505
210.517
210.571
210.681
210.715
210.715
210.717
210.774
210.861
210.952
210.958
210.966
210.971
210.972
210.982
210.984
211.017
211.101
211.11
211.151
211.224
211.245
211.382
211.392
211.529
211.561
211.564
211.572
211.614
211.685
211.698
211.757
211.904
211.941
212.091
212.094
212.123
212.193
212.211
212.288
212.344
212.362
212.406
212.435
212.54
212.653
212.724
212.76
212.77
212.774
212.781
212.82
212.876
212.951
212.991
213.046
213.05
213.164
213.172
213.234
213.31
213.378
213.438
213.455
213.478
213.53
213.591
213.602
213.618
213.693
213.697
213.735
213.753
213.889
213.927
213.94
213.976
214.002
214.151
214.341
214.424
214.48
214.512
214.535
214.589
214.647
214.684
214.776
214.856
214.873
214.934
214.979
214.99
214.996
215.013
215.091
215.154
215.194
215.202
215.266
215.3
215.338
215.36
215.369
215.388
215.44
215.592
215.625
215.632
215.781
215.783
215.83
215.85
216.043
216.155
216.247
216.303
216.362
216.4
216.41
216.488
216.546
216.548
216.561
216.566
216.668
216.78
216.843
216.869
216.884
216.978
217.009
217.013
217.052
217.084
217.086
217.093
217.264
217.281
217.331
217.402
217.43
217.677
217.689
217.74
217.759
217.847
217.886
217.944
218.004
218.022
218.097
218.154
218.232
218.266
218.308
218.35
218.405
218.548
218.556
218.606
218.667
218.724
218.738
218.762
218.803
218.828
218.831
218.856
218.983
219.036
219.094
219.145
219.235
219.24
219.35
219.486
219.542
219.602
219.645
219.795
219.802
220.024
220.054
220.062
220.129
220.14
220.207
220.217
220.255
220.318
220.32
220.386
220.413
220.509
220.531
220.533
220.575
220.607
220.609
220.62
220.637
220.771
220.789
220.849
220.967
221.099
221.125
221.221
221.41
221.415
221.584
221.679
221.712
221.829
221.844
221.871
221.942
222.004
222.023
222.025
222.028
222.095
222.122
222.259
222.307
222.317
222.368
222.371
222.401
222.417
222.46
222.675
222.702
222.711
222.822
222.938
222.962
223.064
223.066
223.079
223.237
223.26
223.365
223.454
223.484
223.504
223.524
223.667
223.682
223.691
223.919
223.923
223.946
224.029
224.083
224.115
224.127
224.156
224.173
224.186
224.267
224.475
224.61
224.634
224.705
224.78
224.898
224.905
224.999
225.044
225.046
225.089
225.136
225.138
225.143
225.364
225.481
225.521
225.59
225.67
225.725
225.725
225.774
225.859
225.872
225.875
225.88
225.907
225.911
225.943
226.072
226.338
226.345
226.375
226.448
226.508
226.513
226.532
226.796
226.914
226.926
227.006
227.028
227.052
227.266
227.358
227.374
227.413
227.488
227.509
227.564
227.586
227.646
227.673
227.807
227.844
227.846
227.863
227.91
227.947
228.042
228.112
228.14
228.187
228.328
228.457
228.461
228.462
228.589
228.675
228.827
228.911
229.033
229.076
229.113
229.135
229.207
229.239
229.267
229.269
229.358
229.368
229.376
229.404
229.494
229.585
229.797
229.82
229.92
230.038
230.13
230.219
230.264
230.313
230.381
230.422
230.642
230.744
230.769
230.779
230.848
230.878
230.886
230.933
230.971
230.994
230.995
231.068
231.087
231.098
231.139
231.139
231.262
231.273
231.565
231.643
231.779
231.8
231.812
232.151
232.19
232.236
232.269
232.293
232.365
232.378
232.416
232.499
232.579
232.668
232.686
232.688
232.703
232.716
232.725
233.101
233.109
233.172
233.323
233.353
233.402
233.466
233.533
233.702
233.811
233.859
233.865
233.889
233.956
234.007
234.014
234.105
234.125
234.189
234.274
234.289
234.316
234.342
234.344
234.354
234.424
234.579
234.844
235.046
235.065
235.128
235.18
235.356
235.374
235.502
235.505
235.542
235.569
235.647
235.693
235.845
235.849
235.863
235.893
235.953
236.029
236.12
236.198
236.352
236.373
236.465
236.582
236.718
236.73
236.78
236.891
236.917
236.951
236.967
237.029
237.054
237.197
237.276
237.353
237.425
237.464
237.496
237.517
237.562
237.571
237.615
237.687
237.906
238.192
238.295
238.366
238.414
238.421
238.474
238.607
238.683
238.69
238.783
238.818
238.896
239.001
239.03
239.04
239.092
239.094
239.287
239.325
239.421
239.443
239.549
239.673
239.735
239.852
239.939
239.957
239.986
240.013
240.046
240.147
240.16
240.402
240.486
240.505
240.57
240.573
240.652
240.685
240.694
240.726
240.94
240.979
241.206
241.442
241.464
241.567
241.574
241.652
241.677
241.71
241.823
241.883
241.945
242.049
242.068
242.1
242.138
242.266
242.354
242.382
242.512
242.528
242.622
242.665
242.792
242.838
242.892
242.987
243.054
243.126
243.215
243.236
243.254
243.443
243.474
243.669
243.677
243.694
243.769
243.811
243.833
244.04
244.084
244.201
244.479
244.505
244.614
244.638
244.653
244.789
244.793
244.839
244.879
244.891
245.027
245.232
245.237
245.327
245.375
245.383
245.557
245.559
245.606
245.672
245.718
245.814
245.865
246.014
246.051
246.105
246.141
246.285
246.312
246.321
246.644
246.762
246.763
246.769
246.789
246.912
247.067
247.088
247.156
247.377
247.513
247.524
247.59
247.59
247.622
247.815
247.82
247.83
247.949
248.236
248.263
248.271
248.327
248.418
248.456
248.528
248.542
248.56
248.61
248.701
248.79
248.891
248.896
248.981
248.998
249.271
249.309
249.554
249.633
249.67
249.732
249.755
249.896
249.92
250.036
250.048
250.105
250.201
250.465
250.466
250.468
250.649
250.685
250.776
250.811
251.087
251.164
251.184
251.213
251.245
251.262
251.297
251.343
251.445
251.45
251.491
251.532
251.586
251.818
251.912
252.054
252.218
252.314
252.374
252.444
252.548
252.556
252.636
252.642
252.754
252.852
252.921
253.222
253.256
253.308
253.336
253.373
253.589
253.632
253.754
253.776
253.855
253.905
253.919
254.036
254.058
254.128
254.2
254.225
254.285
254.324
254.538
254.64
254.732
254.803
254.942
255.014
255.064
255.078
255.205
255.394
255.459
255.543
255.696
255.778
255.825
255.849
255.936
256.042
256.098
256.259
256.359
256.454
256.508
256.518
256.679
256.711
256.714
256.744
256.852
256.934
256.997
257.033
257.073
257.112
257.43
257.503
257.641
257.648
257.666
257.979
257.984
258.034
258.082
258.096
258.251
258.332
258.48
258.725
258.784
258.797
258.921
258.922
258.929
259.049
259.101
259.161
259.209
259.242
259.377
259.456
259.516
259.59
259.735
259.857
259.979
260.037
260.05
260.147
260.287
260.382
260.473
260.485
260.802
260.863
260.867
260.929
261.136
261.175
261.189
261.314
261.353
261.425
261.501
261.615
261.724
261.735
261.748
261.809
261.827
261.966
262.24
262.351
262.356
262.429
262.468
262.562
262.682
262.684
263.061
263.079
263.127
263.294
263.371
263.462
263.484
263.488
263.563
263.62
263.713
263.81
263.943
264.022
264.137
264.165
264.215
264.227
264.487
264.5
264.52
264.672
264.874
264.968
265.049
265.137
265.361
265.372
265.425
265.462
265.521
265.611
265.7
265.803
265.937
265.979
266.017
266.077
266.177
266.3
266.362
266.426
266.463
266.807
266.913
266.954
266.954
267.109
267.123
267.343
267.377
267.476
267.572
267.581
267.709
267.768
267.79
267.851
267.93
268.159
268.179
268.317
268.515
268.525
268.639
268.708
268.899
268.91
269.098
269.13
269.17
269.195
269.239
269.323
269.565
269.595
269.668
269.807
269.895
270.138
270.161
270.212
270.352
270.366
270.511
270.541
270.597
270.762
270.829
270.878
271.152
271.24
271.244
271.362
271.512
271.584
271.601
271.659
271.863
272.008
272.079
272.232
272.292
272.324
272.511
272.667
272.76
